LAYOUT__TAB_HEIGHT=23
WINDOW__BACKGROUND_COLOR=193.65517, 0.0, 0.35106385
WINDOW__PERSPECTIVE_SWITCHER_FILL_COLOR=0.0, 0.0, 0.0, 0|0.0, 0.0, 0.3529412, 13|0.0, 0.0, 0.3529412, 100
WINDOW__TOOLBAR_FILL_COLOR=0.0, 0.0, 0.93085104, 2|0.0, 0.0, 0.84042555, 100
eclipse.preferences.version=1
